60334
52225
57323
57151
57768
56790
62902
46501
62441
54642
54303
58943
33158
56220
48344
44452
60779
53263
61262
59474
60436
52955
61983
59435
56653
53491
54725
53090
39253
59951
61550
52355
57356
59144
56056
55774
61677
52221
57562
57690
54087
61644
57808
60344
52874
58232
60635
56592
46394
61291
54435
61484
56575
55979
54490
59301
57629
55557
59741
57691
58990
60641
58810
57411
61053
55955
58503
52144
55301
60358
57443
58383
55810
59576
57704
53756
61007
58237
58038
57877
58806
48912
54412
55354
62037
55872
50072
54350
58740
60589
54111
58274
48233
47252
56034
45328
51867
61846
61489
38166
