51479
49134
46115
50739
40276
50295
51540
53037
54487
51634
56576
55399
54455
57989
46974
57614
56924
57352
54524
53830
52644
54913
53392
56085
54586
44148
58329
53274
47368
46243
49575
57782
59501
55439
55495
50609
58843
44644
52249
59369
46489
51642
52499
44444
60862
56797
56847
51534
52871
54466
51915
55747
60353
55288
52219
49568
48305
49914
41186
54241
56595
46038
55799
56521
57962
58467
45324
45315
42331
58147
49002
40790
48876
55398
59237
56805
52757
55856
49708
51481
53073
47434
52770
57589
57254
51496
55962
58172
57492
56736
55637
53837
51944
54772
53319
52264
56211
53841
52552
55324
