46090
45622
39456
42681
42837
31499
42401
37517
40503
37744
48031
43384
30048
28121
43336
40253
48997
39558
40596
35209
35887
47172
39161
30251
27841
43013
42227
26793
45858
41674
44704
26257
46777
48722
43157
40193
48231
33253
43469
29547
50281
26970
48400
25443
44736
33887
38942
48282
43717
49413
20506
46502
40631
40184
35079
37467
43810
44605
33866
45091
26192
40727
40651
37914
38869
46630
45325
37480
37168
41159
51135
39366
44731
47082
38838
45793
45176
47915
37183
28560
43537
48064
47142
42782
31234
40786
38645
38160
43007
42016
41346
49305
37614
41223
42410
38996
41592
40949
44316
46788
