48837
45336
34890
49141
50475
49305
51061
37543
49309
52998
50024
51018
45593
50409
49169
51013
39822
49238
50786
52413
46022
54970
49211
53993
47358
55282
51257
49043
45847
44456
44473
53604
44651
45519
43966
47975
52375
48726
54159
51117
55441
50871
18320
51432
45848
44739
43569
46675
47502
44480
47866
47047
29598
50031
51454
46119
35649
50602
53358
51663
39418
29748
39177
34915
48938
50500
45581
48818
25449
46117
48342
43603
47940
51088
52166
49642
53430
51539
49422
43942
49689
50756
43738
51190
49197
45484
46065
47379
42488
50664
44697
54195
44872
41613
50458
49186
26025
51892
52254
37201
