24682
19240
21172
21192
20843
22737
19621
19393
24503
18490
24241
24770
18728
19192
21773
29257
24010
19571
20518
24134
16161
16584
11896
31132
19069
24035
23401
22380
27997
23429
21931
15346
17901
16762
30841
16776
28067
17614
27192
24460
17495
18257
27169
15868
19627
26866
21886
18377
30375
23700
21160
17595
26344
27939
23075
14875
24295
19149
21453
16935
30400
18284
21568
21588
26533
15825
27660
27606
15203
12866
26776
18843
26161
14144
21604
27089
16191
19375
13131
22931
23456
19750
29472
32247
23981
20148
24590
21349
20339
17436
21107
25572
8193
25062
24311
23393
26334
11793
21973
25409
